{
 "cells": [
  {
   "cell_type": "code",
   "execution_count": 41,
   "metadata": {},
   "outputs": [
    {
     "name": "stdout",
     "output_type": "stream",
     "text": [
      "i=1 \n",
      "fi=0.1492494658, k=1 m=2\n",
      "                H:\n",
      "1.0000000000 0.0000000000 0.0000000000\n",
      "0.0000000000 0.9888829579 -0.1486959839\n",
      "0.0000000000 0.1486959839 0.9888829579\n",
      " \n",
      "                A:\n",
      "17.0000000000 1.1375789418 0.8401869739\n",
      "1.1375789418 17.3007352544 0.0000000000\n",
      "0.8401869739 -0.0000000000 3.6992647456\n",
      " \n",
      "                V:\n",
      "1.0000000000 0.0000000000 0.0000000000\n",
      "0.0000000000 0.9888829579 0.1486959839\n",
      "0.0000000000 -0.1486959839 0.9888829579\n",
      " \n",
      "i=2 \n",
      "fi=-0.7196880213, k=0 m=1\n",
      "                H:\n",
      "0.7520114065 0.6591500925 0.0000000000\n",
      "-0.6591500925 0.7520114065 0.0000000000\n",
      "0.0000000000 0.0000000000 1.0000000000\n",
      " \n",
      "                A:\n",
      "16.0028937616 0.0000000000 0.6318301880\n",
      "0.0000000000 18.2978414927 0.5538093216\n",
      "0.6318301880 0.5538093216 3.6992647456\n",
      " \n",
      "                V:\n",
      "0.7520114065 -0.6591500925 0.0000000000\n",
      "0.6518222932 0.7436512640 0.1486959839\n",
      "-0.0980129716 -0.1118210760 0.9888829579\n",
      " \n",
      "i=3 \n",
      "fi=0.0511737232, k=0 m=2\n",
      "                H:\n",
      "0.9986909107 0.0000000000 -0.0511513909\n",
      "0.0000000000 1.0000000000 0.0000000000\n",
      "0.0511513909 0.0000000000 0.9986909107\n",
      " \n",
      "                A:\n",
      "16.0352551185 0.0283281171 0.0000000000\n",
      "0.0283281171 18.2978414927 0.5530843358\n",
      "0.0000000000 0.5530843358 3.6669033888\n",
      " \n",
      "                V:\n",
      "0.7510269565 -0.6591500925 0.0384664294\n",
      "0.6433629932 0.7436512640 0.1818429445\n",
      "-0.1484674026 -0.1118210760 0.9825749220\n",
      " \n",
      "i=4 \n",
      "fi=0.0377306025, k=1 m=2\n",
      "                H:\n",
      "1.0000000000 0.0000000000 0.0000000000\n",
      "0.0000000000 0.9992882853 -0.0377216510\n",
      "0.0000000000 0.0377216510 0.9992882853\n",
      " \n",
      "                A:\n",
      "16.0352551185 0.0283079556 -0.0010685833\n",
      "0.0283079556 18.3187196063 -0.0000000000\n",
      "-0.0010685833 -0.0000000000 3.6460252753\n",
      " \n",
      "                V:\n",
      "0.7510269565 -0.6601319829 0.0135748226\n",
      "0.6433629932 0.7362625804 0.2097652777\n",
      "-0.1484674026 -0.1488058396 0.9776575333\n",
      " \n",
      "i=5 \n",
      "fi=-0.0123943934, k=0 m=1\n",
      "                H:\n",
      "0.9999231905 0.0123940760 0.0000000000\n",
      "-0.0123940760 0.9999231905 0.0000000000\n",
      "0.0000000000 0.0000000000 1.0000000000\n",
      " \n",
      "                A:\n",
      "16.0349042406 0.0000000000 -0.0010685013\n",
      "0.0000000000 18.3190704842 -0.0000132441\n",
      "-0.0010685013 -0.0000132441 3.6460252753\n",
      " \n",
      "                V:\n",
      "0.7427875445 -0.6693895637 0.0135748226\n",
      "0.6524388712 0.7282321385 0.2097652777\n",
      "-0.1503003098 -0.1469542936 0.9776575333\n",
      " \n",
      "i=6 \n",
      "fi=-0.0000862468, k=0 m=2\n",
      "                H:\n",
      "0.9999999963 0.0000000000 0.0000862468\n",
      "0.0000000000 1.0000000000 0.0000000000\n",
      "-0.0000862468 0.0000000000 0.9999999963\n",
      " \n",
      "                A:\n",
      "16.0349043327 0.0000000011 0.0000000000\n",
      "0.0000000011 18.3190704842 -0.0000132441\n",
      "-0.0000000000 -0.0000132441 3.6460251831\n",
      " \n",
      "                V:\n",
      "0.7427887125 -0.6693895637 0.0135107595\n",
      "0.6524569604 0.7282321385 0.2097090061\n",
      "-0.1502159894 -0.1469542936 0.9776704926\n",
      " \n",
      "0.7427887124882764\n",
      "0.7282321385476581\n",
      "0.9776704926150442\n",
      "1.0000000000 -0.9191980527 0.0138193385\n",
      "0.8783883619 1.0000000000 0.2144986554\n",
      "-0.2022324611 -0.2017959464 1.0000000000\n",
      " \n"
     ]
    }
   ],
   "source": [
    "#example\n",
    "import numpy as np\n",
    "A=[[17.,1.,1.],\n",
    "  [1.,17.,2.],\n",
    "  [1.,2.,4.]]\n",
    "\n",
    "fi=0\n",
    "km=[0,0]\n",
    "H=[[0.,0.,0.],\n",
    "  [0.,0.,0.],\n",
    "   [0.,0.,0.]]\n",
    "H_1=[[0.,0.,0.],\n",
    "     [0.,0.,0.],\n",
    "     [0.,0.,0.]]\n",
    "V=[[1.,0.,0.],\n",
    "   [0.,1.,0.],\n",
    "   [0.,0.,1.]]\n",
    "\n",
    "def max(A):\n",
    "    m=-100\n",
    "    km=[0,0]\n",
    "    for i in range(0,2):\n",
    "        for j in range(1,3):\n",
    "            if i<j:\n",
    "                if m<abs(A[i][j]):\n",
    "                    m=abs(A[i][j])\n",
    "                    km[0]=i\n",
    "                    km[1]=j\n",
    "    return km\n",
    "def transp(A,km):\n",
    "    B=[[0.,0.,0],\n",
    "      [0.,0.,0],\n",
    "      [0.,0.,0]]\n",
    "    for i in range(0,3):\n",
    "        for j in range(0,3):\n",
    "            B[i][j]=A[i][j]\n",
    "    for i in range(0,3):\n",
    "        for j in range(0,3):\n",
    "            if (i==km[0] and j==km[1]) or (i==km[1] and j==km[0]):\n",
    "                B[i][j]=-B[i][j]\n",
    "    return B\n",
    "\n",
    "def mul(A,B):\n",
    "    C=[[0.,0.,0.],\n",
    "      [0.,0.,0.],\n",
    "      [0.,0.,0.]]\n",
    "    for i in range(0,3):\n",
    "        for j in range(0,3):\n",
    "            for k in range(0,3):\n",
    "                C[i][j]+=A[i][k]*B[k][j]\n",
    "    return C\n",
    "\n",
    "def norm(A):\n",
    "    C=[[0.,0.,0.],\n",
    "     [0.,0.,0.],\n",
    "     [0.,0.,0.]]\n",
    "    for i in range(0,3):\n",
    "        m=-100\n",
    "        for j in range(0,3):\n",
    "            if abs(A[j][i])>m:\n",
    "                m=abs(A[j][i])\n",
    "                maximum=A[j][i]\n",
    "        print m\n",
    "        for k in range(0,3):\n",
    "            C[k][i]=A[k][i]/maximum\n",
    "    return C\n",
    "    \n",
    "for n in range(1,7): \n",
    "    print(\"i=%.d \" % n)\n",
    "    km=max(A)\n",
    "    if A[km[0]][km[0]]!=A[km[1]][km[1]] :\n",
    "        fi=0.5*np.arctan(2*A[km[0]][km[1]]/(A[km[0]][km[0]]-A[km[1]][km[1]]))\n",
    "    else:\n",
    "        if A[km[0]][km[1]]>0:\n",
    "            fi=np.pi/4\n",
    "        else:\n",
    "            fi=-np.pi/4\n",
    "    print(\"fi=%.10f, k=%.f m=%.d\" % (fi,km[0],km[1]))\n",
    "    for i in range(0,3):\n",
    "        if i==km[0] or i==km[1]:\n",
    "            H[i][i]=np.cos(fi)\n",
    "        else:\n",
    "            H[i][i]=1\n",
    "        for j in range(0,3):\n",
    "            if i!=j:\n",
    "                if i==km[0] and j==km[1]:\n",
    "                    H[i][j]=-np.sin(fi)\n",
    "                else:\n",
    "                    if i==km[1] and j==km[0]:\n",
    "                        H[i][j]=np.sin(fi)\n",
    "                    else:\n",
    "                        H[i][j]=0\n",
    "    print(\"                H:\")\n",
    "    for i in range(0,3):\n",
    "        print(\"%.10f %.10f %.10f\" % (H[i][0], H[i][1],H[i][2]))\n",
    "    print(\" \")\n",
    "    H_1=H\n",
    "    H_1=transp(H_1,km)\n",
    "    A=mul(mul(H_1,A),H)\n",
    "    V=mul(V,transp(H,km))\n",
    "    print(\"                A:\")\n",
    "    for i in range(0,3):\n",
    "        print(\"%.10f %.10f %.10f\" % (A[i][0], A[i][1],A[i][2]))\n",
    "    print(\" \")\n",
    "    print(\"                V:\")\n",
    "    for i in range(0,3):\n",
    "        print(\"%.10f %.10f %.10f\" % (V[i][0], V[i][1],V[i][2]))\n",
    "    print(\" \")\n",
    "\n",
    "V1=norm(V)\n",
    "for i in range(0,3):\n",
    "    print(\"%.10f %.10f %.10f\" % (V1[i][0], V1[i][1],V1[i][2]))\n",
    "print(\" \")"
   ]
  },
  {
   "cell_type": "code",
   "execution_count": 43,
   "metadata": {},
   "outputs": [
    {
     "name": "stdout",
     "output_type": "stream",
     "text": [
      "i=1 \n",
      "fi=-0.7853981634, k=0 m=2\n",
      "                H:\n",
      "0.7071067812 0.0000000000 0.7071067812\n",
      "0.0000000000 1.0000000000 0.0000000000\n",
      "-0.7071067812 0.0000000000 0.7071067812\n",
      " \n",
      "         A+собственные числа:\n",
      "27.0000000000 -6.3639610307 -0.0000000000\n",
      "-6.3639610307 -18.0000000000 0.7071067812\n",
      "-0.0000000000 0.7071067812 -1.0000000000\n",
      " \n",
      "                V:\n",
      "0.7071067812 0.0000000000 -0.7071067812\n",
      "0.0000000000 1.0000000000 0.0000000000\n",
      "0.7071067812 0.0000000000 0.7071067812\n",
      " \n",
      "i=2 \n",
      "fi=-0.1378213996, k=0 m=1\n",
      "                H:\n",
      "0.9905176547 0.1373855002 0.0000000000\n",
      "-0.1373855002 0.9905176547 0.0000000000\n",
      "0.0000000000 0.0000000000 1.0000000000\n",
      " \n",
      "         A+собственные числа:\n",
      "27.8826859022 -0.0000000000 -0.0971462189\n",
      "-0.0000000000 -18.8826859022 0.7004017505\n",
      "-0.0971462189 0.7004017505 -1.0000000000\n",
      " \n",
      "                V:\n",
      "0.7004017505 -0.0971462189 -0.7071067812\n",
      "0.1373855002 0.9905176547 0.0000000000\n",
      "0.7004017505 -0.0971462189 0.7071067812\n",
      " \n",
      "i=3 \n",
      "fi=-0.0390866584, k=1 m=2\n",
      "                H:\n",
      "1.0000000000 0.0000000000 0.0000000000\n",
      "0.0000000000 0.9992362138 0.0390767066\n",
      "0.0000000000 -0.0390767066 0.9992362138\n",
      " \n",
      "         A+собственные числа:\n",
      "27.8826859022 0.0037961543 -0.0970720199\n",
      "0.0037961543 -18.9100762162 0.0000000000\n",
      "-0.0970720199 0.0000000000 -0.9726096860\n",
      " \n",
      "                V:\n",
      "0.7004017505 -0.1247034241 -0.7027705485\n",
      "0.1373855002 0.9897611110 -0.0387061678\n",
      "0.7004017505 -0.0694406157 0.7103628571\n",
      " \n",
      "i=4 \n",
      "fi=-0.0033640465, k=0 m=2\n",
      "                H:\n",
      "0.9999943416 0.0000000000 0.0033640401\n",
      "0.0000000000 1.0000000000 0.0000000000\n",
      "-0.0033640401 0.0000000000 0.9999943416\n",
      " \n",
      "         A+собственные числа:\n",
      "27.8830124582 0.0037961328 -0.0000000000\n",
      "0.0037961328 -18.9100762162 0.0000127704\n",
      "0.0000000000 0.0000127704 -0.9729362420\n",
      " \n",
      "                V:\n",
      "0.6980336391 -0.1247034241 -0.7051227515\n",
      "0.1372545138 0.9897611110 -0.0391681191\n",
      "0.7027874765 -0.0694406157 0.7080026580\n",
      " \n",
      "i=5 \n",
      "fi=0.0000811259, k=0 m=1\n",
      "                H:\n",
      "0.9999999967 -0.0000811259 0.0000000000\n",
      "0.0000811259 0.9999999967 0.0000000000\n",
      "0.0000000000 0.0000000000 1.0000000000\n",
      " \n",
      "         A+собственные числа:\n",
      "27.8830127662 -0.0000000000 0.0000000010\n",
      "-0.0000000000 -18.9100765242 0.0000127704\n",
      "0.0000000010 0.0000127704 -0.9729362420\n",
      " \n",
      "                V:\n",
      "0.6980437535 -0.1246467951 -0.7051227515\n",
      "0.1371742180 0.9897722427 -0.0391681191\n",
      "0.7027931077 -0.0693836012 0.7080026580\n",
      " \n",
      "i=6 \n",
      "fi=-0.0000007120, k=1 m=2\n",
      "                H:\n",
      "1.0000000000 0.0000000000 0.0000000000\n",
      "0.0000000000 1.0000000000 0.0000007120\n",
      "0.0000000000 -0.0000007120 1.0000000000\n",
      " \n",
      "         A+собственные числа:\n",
      "27.8830127662 -0.0000000000 0.0000000010\n",
      "-0.0000000000 -18.9100765242 0.0000000000\n",
      "0.0000000010 0.0000000000 -0.9729362420\n",
      " \n",
      "                V:\n",
      "0.6980437535 -0.1246472971 -0.7051226628\n",
      "0.1371742180 0.9897722148 -0.0391688238\n",
      "0.7027931077 -0.0693830971 0.7080027074\n",
      " \n",
      "      Собственные векторы\n",
      "0.9932421730 -0.1259353367 -0.9959321560\n",
      "0.1951843530 1.0000000000 -0.0553229858\n",
      "1.0000000000 -0.0701000655 1.0000000000\n",
      " \n"
     ]
    }
   ],
   "source": [
    "A=[[13.,-4.,-14.],\n",
    "  [-4.,-18.,5.],\n",
    "  [-14.,5.,13.]]\n",
    "\n",
    "fi=0\n",
    "km=[0,0]\n",
    "H=[[1,0.,0.],\n",
    "  [0.,1.,0.],\n",
    "   [0.,0.,1.]]\n",
    "H_1=[[0.,0.,0.],\n",
    "     [0.,0.,0.],\n",
    "     [0.,0.,0.]]\n",
    "V=[[1.,0.,0.],\n",
    "   [0.,1.,0.],\n",
    "   [0.,0.,1.]]\n",
    "\n",
    "def max(A):\n",
    "    m=-100\n",
    "    km=[0,0]\n",
    "    for i in range(0,2):\n",
    "        for j in range(1,3):\n",
    "            if i<j:\n",
    "                if m<abs(A[i][j]):\n",
    "                    m=abs(A[i][j])\n",
    "                    km[0]=i\n",
    "                    km[1]=j\n",
    "    return km\n",
    "\n",
    "def transp(A,km):\n",
    "    B=[[0.,0.,0],\n",
    "      [0.,0.,0],\n",
    "      [0.,0.,0]]\n",
    "    for i in range(0,3):\n",
    "        for j in range(0,3):\n",
    "            B[i][j]=A[i][j]\n",
    "    for i in range(0,3):\n",
    "        for j in range(0,3):\n",
    "            if (i==km[0] and j==km[1]) or (i==km[1] and j==km[0]):\n",
    "                B[i][j]=-B[i][j]\n",
    "    return B\n",
    "\n",
    "def mul(A,B):\n",
    "    C=[[0.,0.,0.],\n",
    "      [0.,0.,0.],\n",
    "      [0.,0.,0.]]\n",
    "    for i in range(0,3):\n",
    "        for j in range(0,3):\n",
    "            for k in range(0,3):\n",
    "                C[i][j]+=A[i][k]*B[k][j]\n",
    "    return C\n",
    "\n",
    "def norm(A):\n",
    "    C=[[0.,0.,0.],\n",
    "     [0.,0.,0.],\n",
    "     [0.,0.,0.]]\n",
    "    for i in range(0,3):\n",
    "        m=-100\n",
    "        for j in range(0,3):\n",
    "            if abs(A[j][i])>m:\n",
    "                m=abs(A[j][i])\n",
    "                maximum=A[j][i]\n",
    "        for k in range(0,3):\n",
    "            C[k][i]=A[k][i]/maximum\n",
    "    return C\n",
    "    \n",
    "    \n",
    "    \n",
    "for n in range(1,7): \n",
    "    print(\"i=%.d \" % n)\n",
    "    km=max(A)\n",
    "    if A[km[0]][km[0]]!=A[km[1]][km[1]] :\n",
    "        fi=0.5*np.arctan(2*A[km[0]][km[1]]/(A[km[0]][km[0]]-A[km[1]][km[1]]))\n",
    "    else:\n",
    "        if A[km[0]][km[1]]>0:\n",
    "            fi=np.pi/4\n",
    "        else:\n",
    "            fi=-np.pi/4\n",
    "    print(\"fi=%.10f, k=%.f m=%.d\" % (fi,km[0],km[1]))\n",
    "    for i in range(0,3):\n",
    "        if i==km[0] or i==km[1]:\n",
    "            H[i][i]=np.cos(fi)\n",
    "        else:\n",
    "            H[i][i]=1\n",
    "        for j in range(0,3):\n",
    "            if i!=j:\n",
    "                if i==km[0] and j==km[1]:\n",
    "                    H[i][j]=-np.sin(fi)\n",
    "                else:\n",
    "                    if i==km[1] and j==km[0]:\n",
    "                        H[i][j]=np.sin(fi)\n",
    "                    else:\n",
    "                        H[i][j]=0\n",
    "    print(\"                H:\")\n",
    "    for i in range(0,3):\n",
    "        print(\"%.10f %.10f %.10f\" % (H[i][0], H[i][1],H[i][2]))\n",
    "    print(\" \")\n",
    "    H_1=H\n",
    "    H_1=transp(H_1,km)\n",
    "    A=mul(mul(H_1,A),H)\n",
    "    V=mul(V,transp(H,km))\n",
    "    print(\"         A+собственные числа:\")\n",
    "    for i in range(0,3):\n",
    "        print(\"%.10f %.10f %.10f\" % (A[i][0], A[i][1],A[i][2]))\n",
    "    print(\" \")\n",
    "    print(\"                V:\")\n",
    "    for i in range(0,3):\n",
    "        print(\"%.10f %.10f %.10f\" % (V[i][0], V[i][1],V[i][2]))\n",
    "    print(\" \")\n",
    "\n",
    "V1=norm(V)\n",
    "print(\"      Собственные векторы\")\n",
    "for i in range(0,3):\n",
    "    print(\"%.10f %.10f %.10f\" % (V1[i][0], V1[i][1],V1[i][2]))\n",
    "print(\" \")"
   ]
  },
  {
   "cell_type": "code",
   "execution_count": 17,
   "metadata": {},
   "outputs": [
    {
     "name": "stdout",
     "output_type": "stream",
     "text": [
      "fi=-0.7853981634, k=0 m=2\n",
      "('H', 1)\n",
      "0.70710678 0.00000000 0.70710678\n",
      " \n",
      "0.00000000 1.00000000 0.00000000\n",
      " \n",
      "-0.70710678 0.00000000 0.70710678\n",
      " \n",
      "('A', 1)\n",
      "27.00000000 -6.36396103 -0.00000000\n",
      "\n",
      "-6.36396103 -18.00000000 0.70710678\n",
      "\n",
      "-0.00000000 0.70710678 -1.00000000\n",
      "\n",
      "fi=-0.1378213996, k=0 m=1\n",
      "('H', 2)\n",
      "0.99051765 0.13738550 0.00000000\n",
      " \n",
      "-0.13738550 0.99051765 0.00000000\n",
      " \n",
      "0.00000000 0.00000000 1.00000000\n",
      " \n",
      "('A', 2)\n",
      "27.88268590 -0.00000000 -0.09714622\n",
      "\n",
      "-0.00000000 -18.88268590 0.70040175\n",
      "\n",
      "-0.09714622 0.70040175 -1.00000000\n",
      "\n",
      "fi=-0.0390866584, k=1 m=2\n",
      "('H', 3)\n",
      "1.00000000 0.00000000 0.00000000\n",
      " \n",
      "0.00000000 0.99923621 0.03907671\n",
      " \n",
      "0.00000000 -0.03907671 0.99923621\n",
      " \n",
      "('A', 3)\n",
      "27.88268590 0.00379615 -0.09707202\n",
      "\n",
      "0.00379615 -18.91007622 0.00000000\n",
      "\n",
      "-0.09707202 0.00000000 -0.97260969\n",
      "\n",
      "fi=-0.0033640465, k=0 m=2\n",
      "('H', 4)\n",
      "0.99999434 0.00000000 0.00336404\n",
      " \n",
      "0.00000000 1.00000000 0.00000000\n",
      " \n",
      "-0.00336404 0.00000000 0.99999434\n",
      " \n",
      "('A', 4)\n",
      "27.88301246 0.00379613 -0.00000000\n",
      "\n",
      "0.00379613 -18.91007622 0.00001277\n",
      "\n",
      "0.00000000 0.00001277 -0.97293624\n",
      "\n",
      "fi=0.0000811259, k=0 m=1\n",
      "('H', 5)\n",
      "1.00000000 -0.00008113 0.00000000\n",
      " \n",
      "0.00008113 1.00000000 0.00000000\n",
      " \n",
      "0.00000000 0.00000000 1.00000000\n",
      " \n",
      "('A', 5)\n",
      "27.88301277 -0.00000000 0.00000000\n",
      "\n",
      "-0.00000000 -18.91007652 0.00001277\n",
      "\n",
      "0.00000000 0.00001277 -0.97293624\n",
      "\n",
      "fi=-0.0000007120, k=1 m=2\n",
      "('H', 6)\n",
      "1.00000000 0.00000000 0.00000000\n",
      " \n",
      "0.00000000 1.00000000 0.00000071\n",
      " \n",
      "0.00000000 -0.00000071 1.00000000\n",
      " \n",
      "('A', 6)\n",
      "27.88301277 -0.00000000 0.00000000\n",
      "\n",
      "-0.00000000 -18.91007652 0.00000000\n",
      "\n",
      "0.00000000 0.00000000 -0.97293624\n",
      "\n",
      "fi=0.0000000000, k=0 m=2\n",
      "('H', 7)\n",
      "1.00000000 0.00000000 -0.00000000\n",
      " \n",
      "0.00000000 1.00000000 0.00000000\n",
      " \n",
      "0.00000000 0.00000000 1.00000000\n",
      " \n",
      "('A', 7)\n",
      "27.88301277 -0.00000000 0.00000000\n",
      "\n",
      "-0.00000000 -18.91007652 0.00000000\n",
      "\n",
      "0.00000000 0.00000000 -0.97293624\n",
      "\n",
      "V\n",
      "0.69801373 0.06938348 0.71271507\n",
      "\n",
      "-0.13743464 0.98977224 0.03824448\n",
      "\n",
      "-0.70277205 -0.12464691 0.70041030\n",
      "\n",
      "Vnorm\n",
      "-0.99322921 0.07010045 1.00000000\n",
      "\n",
      "0.19556076 1.00000000 0.05366027\n",
      "\n",
      "1.00000000 -0.12593494 0.98273537\n",
      "\n"
     ]
    }
   ],
   "source": [
    "import numpy as np\n",
    "\n",
    "def trans(A):\n",
    "    for i in range(2):\n",
    "        for j in range(i + 1, 3):\n",
    "            A[i][j], A[j][i] = A[j][i], A[i][j]\n",
    "    return A\n",
    "def mul33(A, B):\n",
    "    C = [[0.0] * 3 for i in range(3)]\n",
    "    for i in range (3):\n",
    "        for j in range (3):\n",
    "            C[i][j] = A[i][0] * B[0][j] + A[i][1] * B[1][j] + A[i][2] * B[2][j]\n",
    "    return C\n",
    "def norm(A):\n",
    "    C = [[0.0] * 3 for i in range(3)]\n",
    "    for i in range(0, 3):\n",
    "        m = -1\n",
    "        for j in range(0, 3):\n",
    "            if abs(A[j][i]) > m:\n",
    "                m = abs(A[j][i])\n",
    "                maximum = A[j][i]\n",
    "        for k in range(0, 3):\n",
    "            C[k][i] = A[k][i] / maximum\n",
    "    return C\n",
    "#A = [[17.0 , 1.0 , 1.0], [1.0, 17.0, 2.0], [1.0, 2.0, 4.0]]\n",
    "A=[[13.,-4.,-14.],\n",
    "  [-4.,-18.,5.],\n",
    "  [-14.,5.,13.]]\n",
    "V = [[1.0, 0.0, 0.0], [0.0, 1.0, 0.0], [0.0, 0.0, 1.0]]\n",
    "fi = 0.0\n",
    "H = [[0.0] * 3 for i in range(3)]\n",
    "for n in range (7):\n",
    "    k = 0\n",
    "    m = 0\n",
    "    mx = -1\n",
    "    for i in range (2):\n",
    "        for j in range (i + 1, 3):            \n",
    "            if abs(A[i][j]) > mx:\n",
    "                mx = abs(A[i][j])\n",
    "                k, m = i, j\n",
    "    if A[k][k] != A[m][m]:\n",
    "        fi = 0.5 * np.arctan(2 * A[k][m] / (A[k][k] - A[m][m]))\n",
    "    elif A[k][m] > 0:\n",
    "        fi = np.pi / 4\n",
    "    else:\n",
    "        fi = -np.pi / 4\n",
    "    print(\"fi=%.10f, k=%.f m=%.d\" % (fi,k,m))\n",
    "    H = [[1.0, 0.0, 0.0], [0.0, 1.0, 0.0], [0.0, 0.0, 1.0]]\n",
    "    H[k][k], H[k][m], H[m][k], H[m][m] = np.cos(fi), -np.sin(fi), np.sin(fi), np.cos(fi)\n",
    "    V = mul33(V, H)\n",
    "    print(\"H\", n + 1)\n",
    "    for i in range (3):\n",
    "        for j in range(0,1):\n",
    "            print (\"%.8f %.8f %.8f\" % (H[i][j], H[i][j+1],H[i][j+2]))\n",
    "        print(\" \")\n",
    "    print(\"A\", n + 1)\n",
    "    A = mul33(mul33(trans(H), A), trans(H))\n",
    "    for i in range (3):\n",
    "        for j in range(0,1):\n",
    "            print (\"%.8f %.8f %.8f\" % (A[i][j], A[i][j+1],A[i][j+2]))\n",
    "        print(\"\")\n",
    "print(\"V\")\n",
    "for i in range (3):\n",
    "    for j in range(0,1):\n",
    "            print (\"%.8f %.8f %.8f\" % (V[i][j], V[i][j+1],V[i][j+2]))\n",
    "    print(\"\")\n",
    "print(\"Vnorm\")\n",
    "V1 = norm(V)\n",
    "for i in range(0,3):\n",
    "    for j in range(0,1):\n",
    "            print (\"%.8f %.8f %.8f\" % (V1[i][j], V1[i][j+1],V1[i][j+2]))\n",
    "    print(\"\")"
   ]
  },
  {
   "cell_type": "code",
   "execution_count": null,
   "metadata": {},
   "outputs": [],
   "source": []
  }
 ],
 "metadata": {
  "kernelspec": {
   "display_name": "Python 2",
   "language": "python",
   "name": "python2"
  },
  "language_info": {
   "codemirror_mode": {
    "name": "ipython",
    "version": 2
   },
   "file_extension": ".py",
   "mimetype": "text/x-python",
   "name": "python",
   "nbconvert_exporter": "python",
   "pygments_lexer": "ipython2",
   "version": "2.7.15+"
  }
 },
 "nbformat": 4,
 "nbformat_minor": 2
}
